

#################################################################################################################
                                     Instance Name           Movement (microns)        Orig Loc        New Loc
#################################################################################################################
                                       CLK__L5_I63               105.6       (456, 618)       (477.6, 534)
         u_mul_cntrl/FE_OFC416_Op2_Mantissa_reg_2_                90.6       (444, 618)       (410.4, 561)
                                       CLK__L5_I65                  81       (444, 618)       (420, 561)
                                  u_mul_cntrl/U174                78.6       (453.6, 618)       (432, 561)
                                  u_mul_cntrl/U962                77.4       (403.2, 561)       (453.6, 534)
                                       CLK__L5_I64                73.8       (453.6, 618)       (436.8, 561)
                                u_adder_cntrl/U270                70.2       (1286.4, 1458)       (1243.2, 1485)
                                       CLK__L5_I37                66.6       (472.8, 729)       (482.4, 786)
                      u_adder_cntrl/FE_OFC300_n226                65.4       (1296, 729)       (1334.4, 702)
                                       CLK__L5_I38                62.4       (472.8, 729)       (535.2, 729)
                                             U1818                60.6       (456, 534)       (489.6, 561)
                                       CLK__L5_I39                  60       (470.4, 729)       (410.4, 729)
                                       CLK__L5_I28                  57       (470.4, 729)       (470.4, 786)
                                       CLK__L5_I66                55.8       (436.8, 561)       (465.6, 534)
             u_adder_cntrl/FE_OFC269_add_x_35_A_2_                53.4       (1291.2, 729)       (1317.6, 702)
                                  u_mul_cntrl/U960                52.8       (494.4, 729)       (547.2, 729)
                                  u_mul_cntrl/U173                52.8       (506.4, 729)       (559.2, 729)
                                       CLK__L5_I26                52.8       (470.4, 729)       (523.2, 729)
                                       CLK__L5_I45                  51       (1281.6, 729)       (1305.6, 702)
                                       CLK__L5_I35                  51       (763.2, 813)       (787.2, 786)
                                        CLK__L4_I2                48.6       (1293.6, 897)       (1315.2, 870)
                                u_adder_cntrl/U951                48.6       (1286.4, 813)       (1264.8, 786)
                                u_adder_cntrl/U311                  48       (1274.4, 702)       (1226.4, 702)
                                        CLK__L5_I5                46.2       (1291.2, 813)       (1310.4, 786)
                                       CLK__L5_I14                46.2       (1298.4, 981)       (1279.2, 954)
                                u_adder_cntrl/U172                41.4       (1252.8, 1458)       (1238.4, 1485)
                                u_adder_cntrl/U963                41.4       (1293.6, 897)       (1279.2, 870)
                                       CLK__L5_I27                40.8       (470.4, 729)       (511.2, 729)
                                       CLK__L5_I31                  39       (763.2, 813)       (775.2, 786)
                               u_adder_cntrl/U1193                  39       (1329.6, 702)       (1341.6, 729)
                                  u_mul_cntrl/U866                38.4       (772.8, 813)       (811.2, 813)
                                  u_mul_cntrl/U303                38.4       (525.6, 729)       (564, 729)
                                       CLK__L5_I18                38.4       (1286.4, 813)       (1248, 813)
                                       CLK__L5_I12                36.6       (1300.8, 981)       (1291.2, 954)
                                        CLK__L5_I8                36.6       (1288.8, 813)       (1298.4, 786)
                                       CLK__L5_I20                36.6       (1284, 729)       (1293.6, 702)
                                       CLK__L5_I40                36.6       (1305.6, 1122)       (1296, 1149)
                                       CLK__L5_I56                36.6       (465.6, 729)       (456, 702)
                                        CLK__L4_I1                36.6       (1293.6, 897)       (1303.2, 870)
             u_adder_cntrl/FE_OFC270_add_x_35_A_2_                36.6       (1284, 729)       (1274.4, 702)
                                       CLK__L4_I10                  36       (1293.6, 897)       (1257.6, 897)
                                u_adder_cntrl/U269                  36       (1279.2, 813)       (1243.2, 813)
                                       CLK__L5_I32                  36       (763.2, 813)       (799.2, 813)
