

#################################################################################################################
                                     Instance Name           Movement (microns)        Orig Loc        New Loc
#################################################################################################################
                                             U2211               103.2       (655.2, 981)       (636, 897)
                                       CLK__L5_I30                79.8       (1135.2, 561)       (1188, 534)
                                        CLK__L4_I9                70.2       (856.8, 954)       (900, 981)
                                       CLK__L5_I33                  69       (1123.2, 561)       (1135.2, 618)
                                             U1980                67.8       (1593.6, 561)       (1552.8, 534)
                                       CLK__L5_I31                64.8       (1135.2, 561)       (1200, 561)
                        FE_OFC701_MulCntrl_Op1_13_                64.2       (633.6, 954)       (626.4, 897)
                                             U1716                62.4       (1461.6, 309)       (1524, 309)
                                             U2170                61.8       (1459.2, 282)       (1454.4, 225)
                                       CLK__L5_I43                59.4       (1147.2, 450)       (1149.6, 393)
                                  u_mul_cntrl/U112                58.2       (1159.2, 450)       (1128, 477)
                                             U1663                  57       (660, 954)       (660, 897)
                                       CLK__L5_I34                  57       (1123.2, 561)       (1123.2, 618)
                        FE_OFC202_MulCntrl_Op2_12_                53.4       (667.2, 981)       (640.8, 954)
                                             U2249                52.8       (1135.2, 561)       (1188, 561)
                                       CLK__L5_I56                48.6       (672, 981)       (650.4, 954)
                                             U1809                46.2       (1423.2, 309)       (1404, 282)
                                             U1653                41.4       (676.8, 981)       (662.4, 954)
                                       CLK__L4_I13                41.4       (1087.2, 729)       (1072.8, 702)
                    FE_OFC1072_MulCntrl_Dataout_7_                  39       (309.6, 1458)       (297.6, 1485)
                                       CLK__L5_I48                  39       (1629.6, 561)       (1641.6, 534)
                                             U1677                  39       (304.8, 1458)       (292.8, 1485)
                                             U2267                  39       (319.2, 1458)       (307.2, 1485)
                                  u_mul_cntrl/U715                  36       (700.8, 645)       (664.8, 645)
